0 3.3952
1 3.2305
2 3.0569
3 3.1082
4 4.3407
5 3.2314
6 2.7421
7 2.3768
8 2.3532
9 3.7544
10 3.0650
11 2.3682
12 3.2413
13 2.3052
14 3.3697
15 3.1129
16 2.3947
17 2.3539
18 2.2247
19 3.7976
20 4.3453
21 3.7448
22 3.3527
23 3.7859
24 4.2694
25 3.2308
26 2.7400
27 2.4177
28 2.4641
29 3.7465
30 2.7407
31 2.0516
32 1.5179
33 1.6634
34 2.9620
35 2.3848
36 1.5078
37 1.5724
38 1.3381
39 2.6864
40 2.4541
41 1.6977
42 1.4413
43 1.5949
44 2.7888
45 3.7738
46 2.9566
47 2.9370
48 2.7681
49 3.5400
50 3.0407
51 2.4208
52 2.7738
53 2.3044
54 3.3389
55 2.3809
56 1.5260
57 1.5321
58 1.1848
59 2.5208
60 2.8892
61 1.6113
62 0.5967
63 0.6535
64 2.3090
65 1.1723
66 1.6432
67 3.3115
68 2.5166
69 0.7556
70 1.6648
71 2.7774
72 3.1049
73 2.3465
74 2.3182
75 2.1041
76 3.8745
77 2.3386
78 1.5671
79 1.2686
80 1.8400
81 2.7758
82 2.3914
83 1.2756
84 1.5962
85 2.1155
86 1.7790
87 0.6395
88 2.6092
89 3.8655
90 2.8275
91 1.4865
92 2.6250
93 3.1514
94 4.3504
95 3.7760
96 3.3785
97 3.8786
98 4.2621
99 3.7625
100 3.0092
101 2.6185
102 2.7941
103 3.5145
104 3.4228
105 2.6219
106 0.7495
107 1.8040
108 2.6377
109 3.8288
110 2.7249
111 1.7556
112 2.5614
113 3.2135
114 4.2699
115 3.5186
116 2.6112
117 3.2066
118 3.4419
119 0.0000
120 0.0000
121 0.0000
